y=[7.520149E-6,9.468484E-6,2.692109E-6,2.975219E-6,1.9110773E-6,1.3501566E-6,1.3057223E-6,4.3529587E-7,5.491126E-7,4.2334523E-7,4.1320547E-7,3.7532058E-7,3.4814576E-7,3.2110506E-7,2.9895142E-7,2.833065E-7,2.6476573E-7,2.499565E-7,2.3668355E-7,2.2348429E-7,2.1351853E-7,2.037885E-7,1.9440682E-7,1.860322E-7,1.7861103E-7,1.7167348E-7,1.6513766E-7,1.5909264E-7,1.5351272E-7,1.4834548E-7,1.4344708E-7,1.3893734E-7,1.3467648E-7,1.3067591E-7,1.2690366E-7,1.2336241E-7,1.199893E-7,1.16821155E-7,1.1381887E-7,1.1096254E-7,1.0825795E-7,1.0567654E-7,1.03231386E-7,1.0088435E-7,9.865836E-8,9.652439E-8,9.448746E-8,9.2537086E-8,9.066984E-8,8.887952E-8,8.715957E-8,8.550901E-8,8.392421E-8,8.2398905E-8,8.0930754E-8,7.951695E-8,7.8154606E-8,7.68409E-8,7.5573645E-8,7.435019E-8,7.316838E-8,7.202572E-8,7.092121E-8,6.9852604E-8,6.8818146E-8,6.781655E-8,6.6845956E-8,6.590528E-8,6.4993195E-8,6.4108065E-8,6.324934E-8,6.2415424E-8,6.160557E-8,6.0818664E-8,6.005389E-8,5.9310295E-8,5.858697E-8,5.7883256E-8,5.7198413E-8,5.653163E-8,5.588227E-8,5.5249775E-8,5.4633343E-8,5.4032622E-8,5.344694E-8,5.287573E-8,5.2318573E-8,5.1774947E-8,5.1244424E-8,5.0726523E-8,5.0220866E-8,4.9727024E-8,4.9244665E-8,4.877336E-8,4.8312803E-8,4.7862628E-8,4.742254E-8,4.6992206E-8,4.6571355E-8,4.6159677E-8,4.5756924E-8,4.5362825E-8,4.4977178E-8,4.4599613E-8,4.4230053E-8,4.3868177E-8,4.351381E-8,4.3166708E-8,4.282671E-8,4.249359E-8,4.2167233E-8,4.1847347E-8,4.153387E-8,4.1226595E-8,4.092535E-8,4.0630002E-8,4.0340367E-8,4.0056356E-8,3.9777774E-8,3.9504556E-8,3.9236472E-8,3.8973514E-8,3.8715466E-8,3.846229E-8,3.8213784E-8,3.796992E-8,3.7730562E-8,3.749558E-8,3.726492E-8,3.7038443E-8,3.6816107E-8,3.6597775E-8,3.6383373E-8,3.617281E-8,3.5966067E-8,3.576295E-8,3.556347E-8,3.5367545E-8,3.5175045E-8,3.4985977E-8,3.480021E-8,3.4617724E-8,3.4438386E-8,3.426224E-8,3.408913E-8,3.3919033E-8,3.3751885E-8,3.3587636E-8,3.342623E-8,3.3267614E-8,3.311172E-8,3.2958532E-8,3.280799E-8,3.266003E-8,3.2514603E-8,3.237174E-8,3.223123E-8,3.2093244E-8,3.1957565E-8,3.182424E-8,3.1693197E-8,3.1564447E-8,3.143786E-8,3.1313522E-8,3.119127E-8,3.1071195E-8,3.095317E-8,3.0837185E-8,3.072323E-8,3.0611293E-8,3.0501248E-8,3.0393178E-8,3.0286984E-8,3.018268E-8,3.008021E-8,2.9979546E-8,2.988071E-8,2.9783589E-8,2.9688277E-8,2.9594597E-8,2.9502704E-8,2.9412414E-8,2.9323806E-8,2.9236828E-8,2.915144E-8,2.9067666E-8,2.8985456E-8,2.8904775E-8,2.8825644E-8,2.8748E-8,2.8671888E-8,2.8597215E-8,2.8523996E-8,2.8452252E-8,2.8381901E-8,2.8313012E-8,2.8245454E-8,2.8179311E-8,2.8114549E-8,2.8051094E-8,2.7989019E-8,2.792821E-8,2.7868792E-8,2.7810593E-8,2.775372E-8,2.7698132E-8,2.7643752E-8,2.7590689E-8,2.7538801E-8,2.7488193E-8,2.7438748E-8,2.7390568E-8,2.7343521E-8,2.7297714E-8,2.7253071E-8,2.7209568E-8,2.7167262E-8,2.712609E-8,2.7086065E-8,2.7047163E-8,2.7009396E-8,2.6972746E-8,2.69372E-8,2.6902784E-8,2.6869431E-8,2.6837203E-8,2.6806031E-8,2.677596E-8,2.6746935E-8,2.6719013E-8,2.6692131E-8,2.66663E-8,2.6641555E-8,2.6617844E-8,2.6595153E-8,2.6573531E-8,2.6552936E-8,2.6533348E-8,2.6514789E-8,2.6497284E-8,2.6480754E-8,2.6465266E-8,2.6450792E-8,2.64373E-8,2.6424866E-8,2.6413396E-8,2.640294E-8,2.6393494E-8,2.6385035E-8,2.6377604E-8,2.6371108E-8,2.636569E-8,2.6361203E-8,2.6357739E-8,2.6355258E-8,2.6353758E-8,];